12
0  5 12  7  9 14  3 18 11  4 16 10
5  0  8 15  6 11  9 13  7 10 14 12
12  8  0 10 17  5 14  9  6 13  4 16
7 15 10  0 11  8 19 12  5 14  7  9
9  6 17 11  0 16 13  8 12  5 10 15
14 11  5  8 16  0  7 15  9  6 13  4
3  9 14 19 13  7  0 10 16  8 12 17
18 13  9 12  8 15 10  0 11 17  6  5
11  7  6  5 12  9 16 11  0 14  3  8
4 10 13 14  5  6  8 17 14  0 15 11
16 14  4  7 10 13 12  6  3 15  0  9
10 12 16  9 15  4 17  5  8 11  9  0
